start 1.86828 [-3419, 8042, 98860, 145429, 176433, 198538, 214441]
step 20000 -> 1.86800 [16581, 8042, 98860, 145429, 176433, 198538, 214441]
step 20000 -> 1.86798 [16581, -11958, 98860, 145429, 176433, 198538, 214441]
step 10000 -> 1.86778 [16581, -1958, 98860, 145429, 176433, 198538, 214441]
step 10000 -> 1.86749 [16581, -1958, 88860, 145429, 176433, 198538, 214441]
step 10000 -> 1.86698 [16581, -1958, 88860, 135429, 176433, 198538, 214441]
step 10000 -> 1.86666 [6581, -1958, 88860, 135429, 176433, 198538, 214441]
step 10000 -> 1.86663 [-3419, -1958, 88860, 135429, 176433, 198538, 214441]
step 5000 -> 1.86604 [-3419, 3042, 88860, 135429, 176433, 198538, 214441]
final S=10 L=2048 d=1 lambda=6: 1.86604 [-3419, 3042, 88860, 135429, 176433, 198538, 214441]
