start 1.93939 [-68137, 80516, 110189, 123629, 132794, 140850, 145685]
step 20000 -> 1.93917 [-48137, 80516, 110189, 123629, 132794, 140850, 145685]
step 10000 -> 1.93884 [-38137, 80516, 110189, 123629, 132794, 140850, 145685]
step 10000 -> 1.93830 [-38137, 70516, 110189, 123629, 132794, 140850, 145685]
step 10000 -> 1.93801 [-38137, 70516, 100189, 123629, 132794, 140850, 145685]
step 10000 -> 1.93765 [-48137, 70516, 100189, 123629, 132794, 140850, 145685]
step 5000 -> 1.93697 [-48137, 70516, 105189, 123629, 132794, 140850, 145685]
step 2500 -> 1.93683 [-48137, 70516, 105189, 121129, 132794, 140850, 145685]
step 2500 -> 1.93654 [-48137, 68016, 105189, 121129, 132794, 140850, 145685]
final S=8 L=512 d=1 lambda=5: 1.93654 [-48137, 68016, 105189, 121129, 132794, 140850, 145685]
