start 2.00229 [-50000, 50000, 100000, 130000, 150000, 165000, 175000]
step 40000 -> 1.99379 [-50000, 10000, 100000, 130000, 150000, 165000, 175000]
step 40000 -> 1.98149 [-50000, 10000, 60000, 130000, 150000, 165000, 175000]
step 40000 -> 1.97441 [-50000, 10000, 60000, 90000, 150000, 165000, 175000]
step 40000 -> 1.96654 [-50000, 10000, 60000, 90000, 150000, 165000, 215000]
step 40000 -> 1.95824 [-50000, -30000, 60000, 90000, 150000, 165000, 215000]
step 40000 -> 1.95734 [-50000, -30000, 60000, 130000, 150000, 165000, 215000]
step 40000 -> 1.95648 [-50000, -30000, 60000, 130000, 150000, 205000, 215000]
step 40000 -> 1.95493 [-10000, -30000, 60000, 130000, 150000, 205000, 215000]
step 20000 -> 1.95491 [-30000, -30000, 60000, 130000, 150000, 205000, 215000]
step 20000 -> 1.95345 [-30000, -30000, 60000, 130000, 170000, 205000, 215000]
step 20000 -> 1.95181 [-30000, -30000, 60000, 130000, 170000, 185000, 215000]
step 10000 -> 1.95107 [-30000, -30000, 60000, 120000, 170000, 185000, 215000]
step 10000 -> 1.95072 [-30000, -30000, 60000, 120000, 170000, 195000, 215000]
step 5000 -> 1.95037 [-25000, -30000, 60000, 120000, 170000, 195000, 215000]
final S=8 L=2048 d=1 lambda=5: 1.95037 [-25000, -30000, 60000, 120000, 170000, 195000, 215000]
