start 1.98483 [-50000, 50000, 100000, 130000, 150000, 165000, 175000]
step 40000 -> 1.97893 [-50000, 10000, 100000, 130000, 150000, 165000, 175000]
step 40000 -> 1.97134 [-50000, 10000, 60000, 130000, 150000, 165000, 175000]
step 40000 -> 1.96247 [-50000, 10000, 60000, 90000, 150000, 165000, 175000]
step 40000 -> 1.95562 [-50000, 10000, 60000, 90000, 110000, 165000, 175000]
step 40000 -> 1.93488 [-50000, 10000, 60000, 90000, 110000, 125000, 175000]
step 40000 -> 1.93306 [-10000, 10000, 60000, 90000, 110000, 125000, 175000]
step 40000 -> 1.92993 [-10000, -30000, 60000, 90000, 110000, 125000, 175000]
step 40000 -> 1.92482 [-10000, -30000, 20000, 90000, 110000, 125000, 175000]
step 40000 -> 1.92092 [-10000, -30000, 20000, 50000, 110000, 125000, 175000]
step 40000 -> 1.91730 [-10000, -30000, -20000, 50000, 110000, 125000, 175000]
step 20000 -> 1.91616 [-10000, -30000, -20000, 50000, 110000, 145000, 175000]
step 20000 -> 1.91511 [-30000, -30000, -20000, 50000, 110000, 145000, 175000]
step 20000 -> 1.91445 [-30000, -30000, -20000, 50000, 90000, 145000, 175000]
step 20000 -> 1.91428 [-30000, -30000, -20000, 30000, 90000, 145000, 175000]
step 10000 -> 1.91414 [-40000, -30000, -20000, 30000, 90000, 145000, 175000]
step 2500 -> 1.91407 [-40000, -30000, -20000, 30000, 90000, 142500, 175000]
final S=10 L=4096 d=1 lambda=6: 1.91407 [-40000, -30000, -20000, 30000, 90000, 142500, 175000]
